 &FCI NORB=   6,NELEC=10,MS2=0,
  ORBSYM=1,1,1,1,1,1,
  ISYM=1,
 &END
 5.410470866346014    1    1    1    1
 -0.4378447441689151    2    1    1    1
 0.06133374589052883    2    1    2    1
 1.242084506376082    2    2    1    1
 -0.01210770551810724    2    2    2    1
 0.9064636274639353    2    2    2    2
 0.0277531930210973    3    1    3    1
 0.03685879482712035    3    2    3    1
 0.1964996950644084    3    2    3    2
 1.265674799846861    3    3    1    1
 -0.007106196056309495    3    3    2    1
 0.9112811504066027    3    3    2    2
 0.9988230062701072    3    3    3    3
 0.0277531930210973    4    1    4    1
 0.03685879482712035    4    2    4    1
 0.1964996950644084    4    2    4    2
 0.0538926894839012    4    3    4    3
 1.265674799846861    4    4    1    1
 -0.007106196056309438    4    4    2    1
 0.9112811504066026    4    4    2    2
 0.8910376273023045    4    4    3    3
 0.9988230062701071    4    4    4    4
 -0.001995477363229282    5    1    1    1
 0.001813417019674817    5    1    2    1
 0.003891711950345302    5    1    2    2
 -0.0005622058572274494    5    1    3    3
 -0.000562205857227449    5    1    4    4
 0.01209935506307843    5    1    5    1
 0.04320779808708435    5    2    1    1
 0.001472855208145891    5    2    2    1
 0.04849237232595997    5    2    2    2
 0.0220319065793665    5    2    3    3
 0.0220319065793665    5    2    4    4
 0.0169142568189273    5    2    5    1
 0.1054501851748129    5    2    5    2
 -0.000208207759671061    5    3    3    1
 0.000909761631715196    5    3    3    2
 0.02719115556988785    5    3    5    3
 -0.0002082077596710609    5    4    4    1
 0.0009097616317151954    5    4    4    2
 0.02719115556988785    5    4    5    4
 0.825318642034564    5    5    1    1
 -0.003437954637819164    5    5    2    1
 0.651318034591585    5    5    2    2
 0.6437709530038435    5    5    3    3
 0.6437709530038433    5    5    4    4
 -0.003569647029457724    5    5    5    1
 -0.04373369488320267    5    5    5    2
 0.733357803469399    5    5    5    5
 0.09201896126630914    6    1    1    1
 -0.01021676123196029    6    1    2    1
 0.009651464010001255    6    1    2    2
 0.003420220343013445    6    1    3    3
 0.003420220343013444    6    1    4    4
 0.01423877733242237    6    1    5    1
 0.02027842995349964    6    1    5    2
 -0.003139240077510839    6    1    5    5
 0.01928117411191877    6    1    6    1
 -0.05985231802071338    6    2    1    1
 0.003941061354984744    6    2    2    1
 -0.003170165502915762    6    2    2    2
 -0.03389321140202017    6    2    3    3
 -0.03389321140202015    6    2    4    4
 0.01738137138858223    6    2    5    1
 0.09306124676328101    6    2    5    2
 -0.03673606391977461    6    2    5    5
 0.01992201137029607    6    2    6    1
 0.09312466958059923    6    2    6    2
 -0.005821488249766409    6    3    3    1
 -0.02403374972970128    6    3    3    2
 0.02728515299202636    6    3    5    3
 0.03190207576560659    6    3    6    3
 -0.005821488249766409    6    4    4    1
 -0.02403374972970128    6    4    4    2
 0.02728515299202635    6    4    5    4
 0.03190207576560658    6    4    6    4
 0.4348378741759849    6    5    1    1
 -0.003720979675274761    6    5    2    1
 0.2603405581638237    6    5    2    2
 0.2520586558794421    6    5    3    3
 0.252058655879442    6    5    4    4
 -0.0008043448225807662    6    5    5    1
 0.04167063405931876    6    5    5    2
 -3.224218040617934e-05    6    5    5    5
 0.002146421657276602    6    5    6    1
 -0.004702131479278498    6    5    6    2
 0.2904606564926898    6    5    6    5
 0.8889625503666403    6    6    1    1
 -0.005592266271468129    6    6    2    1
 0.6601211810993239    6    6    2    2
 0.6580541331871269    6    6    3    3
 0.6580541331871268    6    6    4    4
 -0.00654617105325629    6    6    5    1
 -0.04405790030367009    6    6    5    2
 0.7385269727522998    6    6    5    5
 -0.006204534355989747    6    6    6    1
 -0.04392471517923941    6    6    6    2
 -0.00535117560113324    6    6    6    5
 0.7639853534852793    6    6    6    6
 -40.50125590656787    1    1  0  0
 -9.251728650661931    2    2  0  0
 -8.655768190258163    3    3  0  0
 1.77635683940025e-15    4    3  0  0
 -8.655768190258161    4    4  0  0
 -6.73786120923064    5    5  0  0
 -0.1272306033707558    6    1  0  0
 0.3153063571720394    6    2  0  0
 -1.448119230507072e-15    6    3  0  0
 -2.520830364906866e-15    6    4  0  0
 -2.236688931458446    6    5  0  0
 -6.401142306794155    6    6  0  0
 0  0  0  0  0
