 &FCI NORB=   6,NELEC=10,MS2=0,
  ORBSYM=1,1,1,1,1,1,
  ISYM=1,
 &END
 5.410471172877984    1    1    1    1
 -0.4378456481851216    2    1    1    1
 0.06133404846509957    2    1    2    1
 1.242089324854584    2    2    1    1
 -0.01210767311567539    2    2    2    1
 0.9064721506388522    2    2    2    2
 0.02775318405010963    3    1    3    1
 0.03685881679916213    3    2    3    1
 0.1965002299084841    3    2    3    2
 1.265674807031726    3    3    1    1
 -0.007106307387103218    3    3    2    1
 0.9112836969919311    3    3    2    2
 0.9988230062701077    3    3    3    3
 1.213463310853863e-15    4    1    1    1
 0.0277531840501096    4    1    4    1
 1.332668564444171e-15    4    2    2    2
 0.03685881679916211    4    2    4    1
 0.1965002299084838    4    2    4    2
 0.05389268948390118    4    3    4    3
 1.265674807031725    4    4    1    1
 -0.007106307387103244    4    4    2    1
 0.9112836969919301    4    4    2    2
 0.8910376273023041    4    4    3    3
 0.9988230062701059    4    4    4    4
 0.002028137934789202    5    1    1    1
 -0.001817053089906288    5    1    2    1
 -0.003888349113145272    5    1    2    2
 0.0005625647748708706    5    1    3    3
 0.0005625647748708656    5    1    4    4
 0.01207963033709337    5    1    5    1
 -0.04322560319248812    5    2    1    1
 -0.001471038374319671    5    2    2    1
 -0.04848837468993551    5    2    2    2
 -0.02204120481561436    5    2    3    3
 -0.02204120481561438    5    2    4    4
 0.01688823040265948    5    2    5    1
 0.1053134671558349    5    2    5    2
 0.0002057878340852576    5    3    3    1
 -0.0009187769496077187    5    3    3    2
 0.02715356522500471    5    3    5    3
 0.000205787834085257    5    4    4    1
 -0.0009187769496077194    5    4    4    2
 0.02715356522500468    5    4    5    4
 0.8247171139557655    5    5    1    1
 -0.003432985202643204    5    5    2    1
 0.6509528334170592    5    5    2    2
 0.6434225157218008    5    5    3    3
 0.6434225157218001    5    5    4    4
 0.003567407328810696    5    5    5    1
 0.04377120463623613    5    5    5    2
 0.7333659997743193    5    5    5    5
 0.09200991836291861    6    1    1    1
 -0.0102142968798911    6    1    2    1
 0.009654446955814798    6    1    2    2
 0.003418816203681354    6    1    3    3
 0.00341881620368135    6    1    4    4
 -0.01423452293832633    6    1    5    1
 -0.02027560358472343    6    1    5    2
 -0.003146406839592842    6    1    5    5
 0.01930043693385278    6    1    6    1
 -0.05980027391731108    6    2    1    1
 0.003942198328102722    6    2    2    1
 -0.003116911069130896    6    2    2    2
 -0.03386475525355471    6    2    3    3
 -0.03386475525355467    6    2    4    4
 -0.01737911329261436    6    2    5    1
 -0.09307090184682916    6    2    5    2
 -0.03676851765175734    6    2    5    5
 0.01994819789828115    6    2    6    1
 0.09325297586614645    6    2    6    2
 -1.374647618103705e-15    6    3    1    1
 -0.00582134859943848    6    3    3    1
 -0.02403041155640976    6    3    3    2
 -0.02728292494465522    6    3    5    3
 0.03193914023740207    6    3    6    3
 -0.005821348599438476    6    4    4    1
 -0.02403041155640974    6    4    4    2
 -0.02728292494465519    6    4    5    4
 0.03193914023740204    6    4    6    4
 -0.4347969501234252    6    5    1    1
 0.003719831139329798    6    5    2    1
 -0.2603385729621083    6    5    2    2
 -0.2520502834787229    6    5    3    3
 -0.2520502834787226    6    5    4    4
 -0.0008029419458349256    6    5    5    1
 0.04165699226907152    6    5    5    2
 0.0004375666110229165    6    5    5    5
 -0.002146347753079228    6    5    6    1
 0.004656584937871763    6    5    6    2
 0.2904686273992826    6    5    6    5
 0.8895591402094122    6    6    1    1
 -0.005597423439559377    6    6    2    1
 0.6604760361990318    6    6    2    2
 0.6584000166989785    6    6    3    3
 0.6584000166989777    6    6    4    4
 0.006542081304843427    6    6    5    1
 0.04396526140928188    6    6    5    2
 0.7385368384283271    6    6    5    5
 -0.006205832148964295    6    6    6    1
 -0.04396086677767664    6    6    6    2
 0.004967947517007231    6    6    6    5
 0.7639695277861223    6    6    6    6
 -40.49970833968616    1    1  0  0
 -9.250196697259542    2    2  0  0
 -8.65422048162435    3    3  0  0
 -8.654220481624341    4    4  0  0
 -6.73400235671146    5    5  0  0
 -0.1272047042266476    6    1  0  0
 0.3150953874976535    6    2  0  0
 7.352109722097856e-15    6    3  0  0
 1.993254327654544e-15    6    4  0  0
 2.236163338800458    6    5  0  0
 -6.403437553696068    6    6  0  0
 0  0  0  0  0
