 &FCI NORB=   6,NELEC=10,MS2=0,
  ORBSYM=1,1,1,1,1,1,
  ISYM=1,
 &END
 5.410470866346021    1    1    1    1
 -0.4378447441689158    2    1    1    1
 0.06133374589052883    2    1    2    1
 1.242084506376084    2    2    1    1
 -0.01210770551810743    2    2    2    1
 0.9064636274639385    2    2    2    2
 0.02775319302109727    3    1    3    1
 0.03685879482712026    3    2    3    1
 0.1964996950644088    3    2    3    2
 1.265674799846862    3    3    1    1
 -0.007106196056309819    3    3    2    1
 0.9112811504066046    3    3    2    2
 0.9988230062701076    3    3    3    3
 1.198283607868702e-15    4    1    1    1
 0.02775319302109724    4    1    4    1
 1.307703983073624e-15    4    2    2    2
 0.03685879482712024    4    2    4    1
 0.1964996950644087    4    2    4    2
 0.05389268948390119    4    3    4    3
 1.265674799846861    4    4    1    1
 -0.007106196056309843    4    4    2    1
 0.9112811504066041    4    4    2    2
 0.8910376273023042    4    4    3    3
 0.9988230062701058    4    4    4    4
 0.001995477363229226    5    1    1    1
 -0.001813417019674789    5    1    2    1
 -0.003891711950345267    5    1    2    2
 0.000562205857227476    5    1    3    3
 0.0005622058572274687    5    1    4    4
 0.01209935506307831    5    1    5    1
 -0.04320779808708436    5    2    1    1
 -0.001472855208145827    5    2    2    1
 -0.0484923723259602    5    2    2    2
 -0.02203190657936653    5    2    3    3
 -0.02203190657936653    5    2    4    4
 0.01691425681892708    5    2    5    1
 0.1054501851748122    5    2    5    2
 0.000208207759671078    5    3    3    1
 -0.0009097616317151372    5    3    3    2
 0.02719115556988764    5    3    5    3
 0.0002082077596710779    5    4    4    1
 -0.0009097616317151385    5    4    4    2
 0.02719115556988763    5    4    5    4
 0.8253186420345606    5    5    1    1
 -0.003437954637819447    5    5    2    1
 0.6513180345915839    5    5    2    2
 0.6437709530038414    5    5    3    3
 0.6437709530038408    5    5    4    4
 0.003569647029457562    5    5    5    1
 0.04373369488320244    5    5    5    2
 0.7333578034693981    5    5    5    5
 0.09201896126630822    6    1    1    1
 -0.01021676123196021    6    1    2    1
 0.009651464010001014    6    1    2    2
 0.00342022034301318    6    1    3    3
 0.003420220343013177    6    1    4    4
 -0.01423877733242233    6    1    5    1
 -0.02027842995349957    6    1    5    2
 -0.003139240077511184    6    1    5    5
 0.01928117411191879    6    1    6    1
 -0.0598523180207127    6    2    1    1
 0.003941061354984695    6    2    2    1
 -0.003170165502915248    6    2    2    2
 -0.03389321140201978    6    2    3    3
 -0.03389321140201975    6    2    4    4
 -0.01738137138858216    6    2    5    1
 -0.09306124676328124    6    2    5    2
 -0.03673606391977506    6    2    5    5
 0.01992201137029615    6    2    6    1
 0.09312466958060003    6    2    6    2
 -0.00582148824976637    6    3    3    1
 -0.02403374972970115    6    3    3    2
 -0.02728515299202634    6    3    5    3
 0.03190207576560668    6    3    6    3
 -0.005821488249766367    6    4    4    1
 -0.02403374972970113    6    4    4    2
 -0.02728515299202632    6    4    5    4
 0.03190207576560666    6    4    6    4
 -0.4348378741759847    6    5    1    1
 0.003720979675274846    6    5    2    1
 -0.2603405581638241    6    5    2    2
 -0.2520586558794419    6    5    3    3
 -0.2520586558794417    6    5    4    4
 -0.0008043448225809081    6    5    5    1
 0.04167063405931819    6    5    5    2
 3.224218040851049e-05    6    5    5    5
 -0.002146421657276618    6    5    6    1
 0.004702131479277842    6    5    6    2
 0.29046065649269    6    5    6    5
 0.8889625503666421    6    6    1    1
 -0.005592266271468485    6    6    2    1
 0.6601211810993259    6    6    2    2
 0.6580541331871277    6    6    3    3
 0.6580541331871271    6    6    4    4
 0.006546171053256082    6    6    5    1
 0.04405790030366903    6    6    5    2
 0.7385269727522986    6    6    5    5
 -0.006204534355990021    6    6    6    1
 -0.04392471517923967    6    6    6    2
 0.005351175601132031    6    6    6    5
 0.7639853534852776    6    6    6    6
 -40.50125590656793    1    1  0  0
 -9.251728650661953    2    2  0  0
 -8.655768190258163    3    3  0  0
 -8.655768190258158    4    4  0  0
 -6.737861209230621    5    5  0  0
 -0.1272306033707526    6    1  0  0
 0.3153063571720371    6    2  0  0
 -4.716494048988461e-15    6    3  0  0
 2.40595980870108e-15    6    4  0  0
 2.236688931458441    6    5  0  0
 -6.401142306794164    6    6  0  0
 0  0  0  0  0
